cmake-build-debug/SMALL_BENCH/Input/.svn/text-base/smallgw.iwt.svn-base
ncols         69
nrows         64
xllcorner     349245
yllcorner     3980715
cellsize      30
NODATA_value  -9999
[rows 30 to 59 of 64, columns 0 to 66 of 69]
9409.4 9063.45 4302.465 1048.13 2385.205 2459.185 4333.455 5778.9 5377.35 1171.71 957.31 4173.26 4205.71 2352.885 5492.3 5870.85 4489.75 1719.03 613.79 202.1545 65.784 245.7235 323.6425 214.5525 516.13 2976.33 4617.28 4520.125 3778.785 7938.8 8880.35 6722.75 2363.115 37.27085 429.254 2396.9 3217.115 4937.92 7254.4 7932.4 7553.05 7078.85 6504.2 5112.75 1621.865 1263.765 2945.515 1495.635 0 774.635 6665.85 8123.7 7967.75 5349.05 1523.305 3583.91 5367.7 3582.105 974.8 754.945 3205.23 1683.95 2388.735 2921.97 1073.66 1482.43 2896.03
8311.4 7160.7 2417.395 0 1740.4 3734.25 5298 6034.4 3430.52 263.7405 2980.62 5608.9 5230.6 4997.07 7442.9 6902.05 5544.3 2742.96 449.1525 275.5545 429.1625 190.616 433.4095 589.805 653.81 1497.475 2621.23 2198.955 4130.805 7996.8 7603.8 3723.525 148.669 946.475 955.46 3139.645 4622.145 6378.35 8079.1 7805.7 7159.9 6543.35 5853.15 5589.6 2855.865 67.3715 2529.035 0 0 3298.29 8610.15 8314.35 6058.05 3335.885 1254.32 4121.485 5016.4 4763.375 2211.14 0 684.725 949.43 2936.08 2554.895 1088.21 2488.545 3538.01
7025.35 6486.4 1277.31 350.6785 2577.27 4629.895 6253.9 6332.35 1254.32 1070.325 5664.1 6607.2 6877.7 8013.4 8621.3 6650.4 4806.36 209.1245 137.974 526.135 630.2 284.195 164.64 491.8805 410.881 590.355 1527.18 2444.955 4892.57 6554.6 5011.95 1371.73 273.6035 205.4485 1197.735 2143.245 5063.5 7388 8141.2 7779.4 7377 4712.425 2397.735 3119.775 1168.79 0 0 506.685 3091.41 6190.85 5852.1 3793.855 1775.68 419.3205 2326.32 3808.6 5325 5337.15 3598.59 359.064 577.045 261.771 2561.6 1445.72 2389.62 3271.505 3978.195
6120.9 6034.8 401.065 677.52 3393.41 5680.7 7486.25 4535.385 243.0105 4499.97 6808.9 8006.7 8207.1 7973 6641.9 3916.96 599.17 33.14525 547.82 1517.62 1325.67 648.01 0 0 114.577 412.846 1455.965 2015.225 4784.845 4654.165 2418.815 0 2038.625 1955.26 4753.38 6226.1 7695.2 8579.15 8448.55 7986.85 7521.35 5514.45 1265.825 111.6295 0 0 301.8595 431.193 557.535 199.7195 206.8785 20.01315 0 2182.48 1744.75 2176.235 5113.75 5657 4632.565 3222.37 603.985 529.955 1097 93.4645 3204.37 3760.83 4560.46
5245.4 5538.5 577.23 796.185 3532.095 7331.85 7711.15 3751.17 3444.71 6611.7 8178.4 8426.25 6986.1 4545.975 1323.97 0 521.9 982.645 2727.325 3351.09 3084.47 1316.525 20.59975 320.082 318.892 570.285 1095.71 1719.96 2033.005 2403.825 418.301 340.828 1631.955 3328.47 5992.75 7839.75 8951.1 9205.85 8928.4 6317.45 4313.54 3542.43 31.9268 0 379.7515 430.2825 1854.8 2422.945 561.015 344.274 117.2305 934.85 2570.81 2709.855 2402.86 2587.07 4728.98 5793.7 5197.3 4216.285 2811.265 134.3845 0 1031.78 3457.615 3893.085 4549.925
3661.165 5009.85 761.75 0 3704.99 7435 8502.7 6277.95 7179 7682.95 7766.05 7126.05 4543.33 2105.41 0 324.043 455.7815 1262.445 5368.35 5438.45 3727.1 1396.975 344.516 301.2315 365.8925 267.409 571.105 1072.19 1364.545 897.55 1009.985 1698.745 3729.85 5904.4 7428.75 8764.75 8173.4 7810.95 7216.55 5812.2 662.77 778.115 2182.46 0 159.521 1777.795 3076.85 4010.575 2956.415 663.34 1192.81 2853.965 3726.975 4579.955 5324 5065.55 5565.65 6304.45 5652.2 5486.8 4156.96 2527.95 0 1633.155 2201.6 4101.93 4699.69
1782.575 4545.975 1758.99 0 2803.67 7490.65 9597.1 9035.95 8227.65 7279.55 6072.65 4694.64 853.29 0 381.8035 2029.83 2943.775 3172.435 6141.8 6590.75 3069.92 622.445 1129.335 752.765 404.0365 0 398.9765 633.58 308.268 498.0055 1104.355 1304.305 1704.71 1872.755 2351.795 3095.9 3147.195 3337.825 1748.785 934.685 522.995 434.6545 0 427.075 293.212 2216.77 4693.455 5081.75 3845.63 1143.305 1430.44 2488.61 4249.025 5523.9 6182.4 6388 6464.5 6233.6 6293.95 5812.7 5076.35 3931.065 1851.39 0 46.25245 3288.585 4987.01
652.335 4066.6 2804.495 525.365 2273.65 7400.95 9712.4 9351.9 7073.9 3875.345 2722.815 275.081 460.141 203.425 2501.845 3962.16 5175.65 6328.5 7623.85 7217.9 1133.375 216.5875 2024.8 1876.31 356.931 0 55.7715 72.464 0 177.611 447.608 27.2398 450.72 81.1295 339.8355 790.82 797.375 870.88 738.555 554.825 25.9599 0 1927.06 1111.56 2455.695 1440.105 3527.255 5357.05 5144.7 2727.25 631.08 1034.08 4229.93 5735.25 5721.95 5089 4130.095 4165.61 4258.64 4044.45 4277.465 4153.505 2584.17 239.0655 0 789.69 2455.32
646.99 4358.745 4614.5 376.165 894.56 6912.15 9252.05 8630.1 5968.4 2091.81 0 485.583 75.3735 1247.59 3874.135 5705.35 6941.8 8108.9 8658 5796.4 905.525 815.19 3601.665 3106.125 1823.695 277.814 1769.14 238.8375 0 524.255 1255.05 1122.2 919.12 203.985 89.907 0.734295 282.89 64.767 274.6345 1709.76 0 1153.095 1324.74 3636.78 4714.435 3050.505 776.045 3248.175 5225.3 3538.51 2717.275 1339.26 3859.33 5589.75 4989.05 3558.575 1896.77 411.9995 760.415 112.5675 4.146165 151.964 310.6435 236.5085 2024.725 168.7505 2004.84
516.295 4979.07 5302.05 1179.765 0 6766 8784.6 6944.25 2924.51 0 2091.305 1366.16 874.995 1112.105 4523.26 6506.4 8224.45 9554.3 8700.7 1890.43 995.025 2856.125 5817.8 5209.25 3939.795 2044.345 1264.615 944.995 930.005 778.11 925.745 1487.165 1174.415 969.085 502.18 538.86 114.854 145.1125 286.1195 192.289 927.28 3416.9 5046.8 6307.9 6755.95 6418.3 5730.55 4435.275 5354.75 5460.9 5017.1 4567.87 3773.605 5687.35 5155.1 4320.225 3334.73 662.425 1032.3 1084.34 1753.235 2762.91 3048.73 2574.765 1551.68 118.562 632.58
1301.43 5455.75 5646.75 1338.75 350.6375 6857.3 8235.2 4718.315 940.02 2341.71 3284.68 3200.05 2.02335 500.305 4681.815 7525.3 8871 10967.6 7360.25 86.391 2259.53 3640.94 7902.1 8194.75 6901.7 5358.95 4111.61 3033.66 1542.505 147.987 293.7995 1340.695 1571.17 1740.065 1368.22 843.62 306.841 83.1805 153.601 955.435 3106.745 5016.85 5759.7 6363.05 7083.7 7578.35 7298.85 7000.7 6931.1 7004.55 6287.75 5928 4619.215 5358.15 5688.4 4859.895 3815.275 2747.905 2621.435 2846.425 3153.86 3576.395 4079.3 4166.635 2701.2 857.615 201.6865
2613.9 5609.75 5223.15 1385.51 1594.78 6827.5 6795.9 2355.955 530.89 2780.14 5313.7 4132.635 318.122 2061.89 4714.105 7630.4 9333.8 9891.35 2420.835 26.3732 1633.165 3986.56 7679.2 9675.35 7569.7 5443.6 3242.675 1030.03 1809.735 859.6 476.2025 864.635 2318.37 2714.19 2110.615 1107.365 520.61 251.6485 1489.355 0 0 155.126 978.445 2858.415 3903.96 5485.65 7065.15 7524.5 8034.7 7768.6 7949.4 6378.9 4000.415 4822.795 5440.3 5888.7 4112.905 3711.02 3544.74 3670.82 3957.565 4545.235 4444.79 4448.08 3188.165 1241.44 684.615
4574.395 6032.75 4677.095 481.902 3241.3 7266.25 5329.7 836.84 2070.89 4309.63 6574.8 4838.625 1051.585 149.7185 4351.935 8438.6 9371.8 7982.45 1580.48 2447.785 1367.965 3219.775 6025.2 6654.35 4765.755 2714.705 2318.03 3201.445 2681.41 532.145 144.217 25.41555 2107.12 4701.97 5035.6 3862.015 2133.82 702.865 87.0065 73.9135 2350.715 52.5385 0 0 944.75 3102.66 5476.75 6926.3 6524.4 5785.15 7658.75 6400.65 2409.25 3340.66 3982.685 4095.72 4167.545 3751.65 4565.095 4508.645 4645.055 5090.5 5284.75 4477.845 2818.825 308.661 737.275
6449.5 5966.45 3692.235 1083.86 5231.6 6008.95 3604.355 0 1983.76 5198.45 7369.95 5440 290.57 270.7015 4911.315 8217.7 9071.9 5031.85 1947.475 1506.97 4748.7 6537.85 7283.75 6819.4 6126.55 6299.8 6124.75 5104 2506.41 0 327.178 0 1016.165 4500.43 6572.85 7076.65 6588.9 6556.65 4912.225 3130.345 1358.07 678.415 48.03515 2038.66 0 195.0015 2659.065 3681.28 2348.055 3672.685 8185.95 5336.8 1476.37 587.99 109.7365 717.95 3112.81 4951.75 5306.85 5396.55 5351.45 5458.3 5393.2 3672.57 1506.74 426.728 2138.595
6972.65 5136.9 247.5255 1225.73 4900.815 5132.75 2216.81 197.3545 2731.22 6437.55 7056.3 6554.05 1633.155 264.46 5328.85 7873.4 7547.4 3403.445 3804.52 5924.35 7033.55 8067.1 8328.15 8173.65 8198.65 8215.65 8263.7 5741.55 1922.31 0 242.5525 0 1927.06 3192.02 6213.3 7571.45 8226.5 8217.65 7697.65 6443.4 4803.53 3982.93 2971.835 1020.36 719.13 0 47.65235 502.68 1448.455 5383.45 6036.15 3360.515 1633.18 1744.745 1306.405 3361.33 4884.545 5560.3 5464.85 5496.55 5483.3 4962.25 4080.66 1993.56 255.5745 1123.085 3767.045
6792.45 4160.37 1315.175 3166.265 4724.315 2290.695 134.3405 1065.685 2781.85 6100.05 7416.8 6625.6 355.931 1299.64 5852.75 7727.25 7118.2 6755.45 6314.95 8012.15 8479.6 8976.45 8734 8624.8 8376.25 7510.95 6677.6 4119.065 1045.34 0 930.53 580.59 477.3915 2019.985 5000.6 6296.8 7469.6 8186.15 8006.45 7688.05 7284.8 6806.95 5133.5 1511.835 181.7745 377.296 140.3205 58.2325 1535.53 3669.635 2605.265 1395.72 940.005 2490.515 4439.665 5747.7 5723.3 4908.5 4739.295 4755.55 4198.405 3249.69 1663.415 983.51 2.469145 695.06 3294.2
5949.25 3363.06 2055.16 3603.79 3616.13 3208.09 2043.03 1017.1 857.445 5066.85 7093.4 6948.5 3882.56 3498.35 7123.9 8250.2 6848.2 5432.8 5231.15 7053.95 7346.3 6897.5 5978.9 4780.55 4137.77 4126.785 3642.785 923.635 255.287 225.065 2222.715 1613.02 232.0135 171.6105 1660.94 2530.135 2339.055 3877.455 6482.9 8221.2 8233.45 6973.15 4967.27 27.3887 1251.05 2593.34 1567.395 2230.14 0 2038.605 257.427 929.355 3261.81 4944.07 6556.1 6281.25 5276.75 4090.83 3419.07 2848.62 1943.525 1297.645 1256.075 1888.995 1683.17 18.0074 1744.89
5144.15 3736.46 2457.21 4326.42 4592.29 3996.41 2313.865 519.115 347.083 2311.075 5108.3 6087.25 6050.45 6114.75 7798.85 8524.15 7327.2 5634.7 3592.83 2594.705 2748.125 1423.565 343.7445 991.61 0 0 0 276.919 0 1448.14 4171.79 3339.88 45.0031 0 354.463 2729.84 3835.11 4648.08 5705.8 7647.25 8506.5 6224.1 3032.44 1336.64 3844.685 5698.15 4494.965 3011.265 1486.365 0 1030.8 4181.565 6385.5 6783.9 6535.3 5515.2 3910.76 1950.995 1435.02 1267.77 2041.015 2489.965 2653.32 2792.21 2824.795 2082.965 962.925
5637.35 3533.24 3609.23 4910.455 5243.4 4531.945 3830.45 2776.165 1990.97 2129.795 3024.03 4966.365 5902.4 5461.9 7506.75 8174.35 7730.6 6412.55 4455.46 908.915 1744.735 0 290.4055 187.4275 1688.34 2587.58 2091.105 98.4085 152.279 2283.875 5612 5620.5 2127.79 0 17.1339 395.2225 2613.66 4276.255 5089.5 7142.45 8494.2 5560.7 727.14 788.77 6005.05 7097.6 6908.3 4806.22 266.2655 0 446.8055 4501.595 6852.55 7071.7 5775 3864.5 931.45 1430.435 1395.135 2166.265 2727.925 3126.065 3580.345 3441.415 3558.27 3418.64 2520.735
5130.05 5396.3 5296.9 6101.15 6775.5 5808.2 5277.4 3209.06 1947.48 2637.375 4926.37 6754.95 6176.1 4347.575 5506.9 6814.25 6405.8 4948 2898.485 0 0 779.965 2578.395 4726.395 6483.2 6435.85 4102.23 0 2182.475 3556.795 6874.1 6952.2 4025.52 2091.305 97.8775 1307.415 940.015 1046.295 3089.07 5466.2 7945.25 5871.25 4.795945 3948.225 7002.7 7498.6 6593.75 3501.055 268.78 284.9245 112.49 2282.415 5475.35 5304 3108.99 187.0775 1102.74 1530.94 2461.98 3139.78 3332.895 3369.12 4071.75 3262.61 4089.505 3926.76 3352.455
5321.8 6560.2 6969.25 7390.35 6128.45 6219.75 6277.65 4171.01 1613.825 5564.5 7403.75 7645.8 6589.1 5139.25 2213.42 2848.02 3169.97 1418.035 974.51 2326.32 1751.18 4431.125 7309.35 9022.3 9184.55 7298.85 3940.865 0 133.714 4396.235 6898.1 7629.35 4968.945 3.926315 0 2666.725 2751.335 708.31 660.155 2132.535 5704.75 6967.45 4781.76 6601.9 7464.05 7083.65 5172.7 252.5035 209.7085 2723.675 260.6895 5.02455 1706.245 944.46 0 0 969.975 1578.665 3123.74 3688.735 3781.855 4165.23 4283.365 3629.33 4601.565 4441.075 4347.01
4777.425 7320.6 7927.8 4591.88 1816.47 6000.45 7845.35 6124.65 5783.15 7386.4 7032.8 6386.7 5755.6 3714.775 1304.415 765.895 672.245 279.1695 2129.8 2636.05 6448.9 8349.5 8076.95 6252.25 4563.695 3381.135 1098.745 0 644.5 4486.22 7842.35 7678.6 5522.05 937.505 390.7085 3105.895 5093.95 4318.97 1923.495 1667.675 2401.325 6177.15 7836.25 6988.75 6513.3 5291.6 2772.855 0 1931.815 4352.95 3477.335 1286.62 0 0 2038.63 1357.455 3409.9 3570.455 3818.455 3583.305 4144.74 3275.76 4562.54 3219.605 4546.435 4576.61 4664.1
3845.07 7789.4 7288.1 1620.165 2241.375 4820.685 7588.5 7884.15 7236.85 6000.1 4465.95 3665.955 1621.845 1310.99 1532.83 2529.055 960.325 615.01 2259.405 6070.4 8219.65 5875.8 1852.975 469.0255 652.31 723.575 1286.61 974.525 2167.085 4849.04 7556.95 7867.1 5307.4 657.045 831.485 2605.545 5338.75 6531.1 4813.055 2094.45 725.18 4740.485 6787.15 5877.3 5064.85 3091.83 129.8615 157.5265 4409.995 5054.55 4780.185 2707.155 370.289 2294.04 2341.635 4070.35 4261.275 4340.16 4110.975 4537.74 4202.02 4415.54 2501.985 2507.74 4858.675 4966.65 4477.66
4788.545 7269.1 5955.75 1778.77 737.235 2266.885 5560.2 8078.95 7999.8 5840.3 3499.355 2113.63 3110.27 2676.425 4193.05 5181.25 5603.25 5459.15 5841.35 7101.45 6544.6 212.596 839.71 1675.26 3280.57 2394.205 382.1295 814.365 2682.33 5308.5 7372.95 7406.85 5074.4 819.1 0 2113.165 4750.275 5910.9 5803.05 5020.4 3855.72 4624.555 5508.9 5191.8 3215.155 169.456 0 3059.745 4534.435 5088.5 4780.185 4381.215 898.825 0 2455.61 4196.51 4866.08 4796.345 4321.045 4487.63 4190.53 4125.79 3298.275 2403.74 3987.44 4812.185 5167
5630.75 6257.3 4304.07 1062.855 481.902 1902.65 1152.855 6831.15 8491.45 7556.2 6516.6 6589.6 7342.15 6813.4 7321.15 6887.6 7853.65 7616.8 7388.4 5845.5 481.8815 792.94 3985.805 5467.45 5691.85 4183.05 59.958 806.705 3367.44 5790 7407.45 7335.5 5237.15 1061.41 0 22.2478 1605.015 3181.295 4584.985 5499.75 5773.1 5999.95 5550.05 4379.06 2116.335 1051.585 1819.875 3648.62 4869.415 5188.5 4708.465 4404.44 1670.04 0 2339.925 4402.85 4856.995 5179.75 4783.725 4870.64 4608.66 4708.845 4807.03 2405.18 1558.675 4787.7 5690.85
7126.75 6400.95 4054.78 1321.345 1363.675 3252.505 3593.325 6919.25 9187.85 8855.5 7557.6 6402.65 5946.1 5635.4 4541.035 6193.5 8909.55 9085.15 7630 4621.195 663.77 3507.845 6254.8 7337.35 6292.7 4096.3 528.39 2341.695 3491.04 5914.45 7948.65 7800 5330.05 1487.295 325.7145 650.94 364.4395 263.7405 1146.925 3511.705 5402.65 5682.05 4580.35 2821.025 200.0845 1213.36 3204.075 4220.16 5094.85 5210.05 4927.95 4028.395 839.675 1083.875 2114.945 4288.345 4929.215 5492.45 4899.89 3855.52 4087.3 5097.2 4875.295 3836.52 1484.67 3020.145 4386.245
8359.95 7463.9 5645.15 3729.17 51.509 0 3054.02 6458.5 6141.5 6144.55 7692.35 4727.64 1210.25 3118.375 236.6465 2116.425 7508.9 9372.6 8221 3990.19 4081.3 5945.5 6707.75 7285.6 5700.6 2424.645 1246.58 1792.405 2136.8 5511.3 7578.55 7447.05 5216.4 1339.135 1186.25 1920.825 3468.2 2452.42 561.915 1002.375 3675.635 4805.515 3685.83 2119.965 3150.295 3438.685 3773.84 4399.585 4741.88 5066.15 4467.155 3051.485 622 1056.815 2234.89 4268.66 4864.195 5401.2 4786.95 4150.575 2757.93 4224.665 5799 4393.36 2131.335 616.16 2353.765
6462.1 7707.2 6146.5 4612.655 929.31 449.6325 1234.645 4114.17 2514.57 4414.365 8864.45 6639.85 3446.74 238.1765 636.895 2080.51 5412.05 7447.65 7674.55 6138.2 5663.35 6362.5 6928.15 6803.45 5071.9 197.09 983.555 1077.435 2175.825 5648.2 7204.85 6937 4991.49 741.265 1179.81 2373.57 4472.54 4374.71 3954.775 3303.395 3629.68 3852.63 4011.95 3423.345 4801.685 4666.43 4917.075 4882.7 4916.08 4242.71 3380.445 1635.245 143.4745 1633.175 3539.745 4781.62 5563.2 5786.15 5145 4607.825 2213.83 2170.935 5833.35 5415.5 4784.235 694.205 465.507
2814.8 6738.75 6042.7 4561.475 893.245 1224.005 2640.615 2091.315 1972.185 6758.4 9861.3 8139.55 4956.645 895.085 1679.08 2952.7 2943.045 3721.24 3732.025 4754.595 5949.45 7073.15 7925.05 6944.95 5457.95 491.006 1879.405 2748.91 5576.95 6160.55 6563.15 6028.05 3978.54 1548.225 2559.365 4173.88 5731.45 5824.55 5701.25 5506.3 5373.45 5964.9 5941.55 4427.63 5972.45 5621.75 5329.2 5222.3 4293.315 3278.175 1935.59 770.155 1469.09 381.9125 4184.18 5346.7 5110.6 5123.05 4541.135 4400.315 2826.41 1280.195 5217.9 5526.75 3918.975 411.725 457.466
3332.535 5488.7 5451.8 2706.095 929.715 184.3805 0 1279.31 4743.68 8307 10672.5 9326.7 5231.7 1780.57 2507.775 0 1532.83 1646.17 2273.635 2821.44 6929 7944.05 8495.95 7153.3 6059.2 463.4725 1996.61 5278.8 6002.1 6381.45 6110.8 4852.78 1774.845 93.1375 3231.915 5863.1 6759.85 7131.85 6961.05 7130.9 6070.65 5756.3 6430.75 6909.85 6416.3 5332.1 5490.25 4983.605 3771.43 2524.665 2046.56 2427.865 2718.045 2593.5 4789.13 4667.395 5346 4430.925 3912.175 3073.65 1651.88 592.98 3798.87 3549.16 795.145 841.975 764.565
