cmake-build-debug/SMALL_BENCH/Input/.svn/text-base/smallgw.iwt.svn-base
ncols         69
nrows         64
xllcorner     349245
yllcorner     3980715
cellsize      30
NODATA_value  -9999
[rows 0 to 29 of 64, columns 0 to 66 of 69]
4173.33 3361.815 2739.325 2081.215 1106.675 443.649 1828.335 2073.04 2131.47 2138.945 2244.4 1654.715 678.24 704.12 710 715.125 716.17 683.88 574.26 279.7885 442.3165 251.863 528.93 1091.505 630.62 218.5285 0 0 247.38 3638.475 5776.65 7476.2 9515.3 10559.9 10114.75 9976.25 8735.85 7147.95 5452.45 3395.405 977.795 2529.06 0 442.46 1403.95 1792.12 1564.08 313.4525 375.0915 577.06 536.86 3525.445 5847.65 6677.5 6779.95 6072.85 4431.12 4483.275 2747.72 3709.175 4727.96 5904.25 5958.65 5574.15 3615.865 796.32 384.485
3301.1 2725.59 1877.715 1025.005 973.46 983.64 1706.155 2063.49 2231.4 2190.48 2390.705 2341.78 1137.82 796.205 751.255 713.71 677.715 593.675 394.1615 554.65 585.82 566.975 821.615 2726.135 3335.45 1862.105 74.662 648.435 72.7465 0 1072.875 1011 2235.05 2869.49 7949.15 9564.4 10318.95 9956.85 9099.85 7862.5 6508.8 5087.65 2391.34 2614.98 0 0 0 282.8595 1980.875 2503.575 1735.565 1797.455 4975.895 7493.45 7683.85 6626.9 5507.05 4158.03 1754.405 2432.215 4613.565 5295.5 5780.85 5273.55 4257.96 2448.545 284.276
2438.97 1345.285 296.784 660.76 959.9 1205.93 1725.675 1884.57 2150.505 2201.85 2339.555 2232.355 1583.815 892.42 807.01 724.755 607.875 400.6285 27.33195 767.47 244.116 1158.675 3572.3 6436.95 7585.75 5668.1 1169.055 1259.575 337.9755 1057.04 267.779 0 0 926.335 135.0085 2236.215 6889.15 8956 10991 10480.65 9125.05 8331.95 7398.05 5403.05 1234.15 0 3155.43 4444.11 7134.3 6470.85 3238.48 1517.915 449.379 4851.5 6990.25 7024.85 6338.9 4458.135 2062.815 1502.805 3878.965 4289.475 3900.4 3477.195 4744.595 3772.155 2380.155
138.443 545.905 718.195 513.12 1038.965 1226.49 1534.675 1630.005 1521.09 1957.58 2181.375 2026.81 1350.86 1552.52 856.405 707.735 425.584 650.79 581.565 264.573 419.254 1024.355 3856.585 6464.4 8064.75 7670.4 4361.245 223.745 954.105 4390.45 5325.9 4025.695 2300.96 192.193 600.44 0 382.574 2648.58 5278.7 7483.1 8148.1 9507.1 8921.75 7995.05 5636.9 780.05 1125.21 3764.31 7130 8954.7 6839.3 3636.43 2004.14 63.7215 5197.95 7392.5 6333.5 4947.885 2668.475 354.0895 1647.16 1563.58 433.3425 3162.955 5192.65 4715.355 3871.38
523.555 796.295 1011.565 1179.125 1183.47 858.575 1400.37 1414.68 1222.82 826.485 1760.18 1576.85 1348.035 1081.205 828.455 555.64 46.81425 219.8995 53.4765 1236.91 943.425 21.37205 270.838 2680.76 5035.6 7728.8 6093.85 2604.01 892.36 2208.73 6204.8 7198.55 5004.2 3277.37 1084.175 1956.485 1352.12 0 710.24 365.7655 1995.565 3738.62 5653.25 6830.8 7185.3 3070.17 0 2276.135 5485.5 8666.7 8587.65 7499.95 5831.75 3926.84 5561.9 6544.25 6371.45 5123 3371.5 951.605 493.1385 751.94 2836.11 4437.355 4921.71 4575.895 3897.18
885.895 1063.89 1052.455 1307.435 1238.03 994.495 1310.32 1404.035 1141.385 693.97 678.235 1392.055 1143.545 816.875 642.165 170.3655 1293.975 173.0555 1347.855 3338.725 2210.895 156.267 732.78 3460.585 4763.355 7927.9 6832.35 4449.875 509.54 1699.94 3986.335 7878.45 8127.65 5481.8 3096.585 502.445 702 1265.365 876.13 1452.275 961.285 1286.62 466.2875 2436.545 5829.5 4167.17 1351.195 1489.325 2368.8 4484.545 8211.5 9042 6920.5 5121.05 4306.195 6049.75 6576.85 5418.6 3851.405 1300.055 883.785 2447.32 4589.16 5383.75 5527.2 4664.87 4395.655
1126.835 1235.04 1311.505 1200.555 1210.165 1044.07 1143.03 1191.375 892.43 722.77 673.97 570.98 526.835 626.97 217.36 7.18985 796.205 259.0525 3082.315 5376.2 4028.54 336.5675 1545.98 3558.935 5855.25 7901.4 7681.2 5229 2805.8 1801.405 332.477 5350.95 8812.85 8070.1 4715.74 894.185 823.565 3582.29 3257.585 186.719 611.59 3564.925 3569.53 866.165 3738.73 4868.31 1227.69 2640.615 1866.21 524.92 5018.4 8856.7 5855.85 1239.05 3980.9 5469.75 6341.7 5989.6 4541.51 1718.86 958.88 2432.635 4813.555 5433.55 5494.75 5183.95 4531.48
1276.305 1331.96 1344.625 1168.945 1113.42 887 795.735 836.7 680.8 621.23 632.28 530.31 579.055 570.54 142.4925 90.334 2249.245 1308.14 4400.495 6775.5 5366.95 1722.345 1489.335 660.705 3993.565 7490.35 9673.35 7821.35 4975.555 2249.95 2129.795 2191.27 7643.2 8551.6 7254.65 3255.86 2354.98 5648.05 5953.8 3441.15 1193.67 4353.675 5451.95 4421.52 2280.395 4273.02 1377.765 814 2932.58 103.7865 3142.265 7658.5 4914.06 593.45 2430.9 4761.505 6238.55 6362.4 5402 3335.2 0 1672.68 3996.34 4948.005 5080.55 4741.61 4684.865
1496.44 1346.19 1301.68 1071.65 979.945 734.895 482.3355 654.015 1054.32 1200.155 1219.34 1215.65 1129.865 629.49 363.7635 416.9505 1053.97 2677.09 5549.2 7904.1 7663.6 3503.67 837.205 2091.315 646.135 5540.15 9810.05 9294.7 7864.7 6117.05 2787.695 2996.12 5640.3 7142.75 9261.2 8254.5 7680 8083.3 8387.2 6906.1 4930.42 6643 7500.7 7694 6861.75 4805.64 132.047 1652.045 3443.865 5572.4 6069.85 7252.9 4608.685 375.9235 1781.88 4139.855 5598.85 6189.7 5673.75 3857.135 0 1566.405 1769.645 3204.645 4358.82 4812.245 4324.76
1485.74 1285.315 1050.31 952.725 861.015 767.295 631.945 1032.36 1334.92 1360.035 1205.675 1107.4 696.35 559.545 603.15 1398.905 2686.655 4656.515 7373.85 8512.55 9148.45 7348.5 5704.7 4529.235 4946.38 6876.6 9035.45 9089.6 8796.75 8351.55 7333.35 6200.4 4637.185 4831.96 9094.35 10237.95 9688.1 8711.9 6826.5 7748.1 8174.4 7902.85 8011.6 9171.2 8052.75 5122.3 216.201 1783.21 4262.405 6927.8 7105.3 7018.15 4593.725 1006.77 423.953 2797.695 4691.235 6054.7 5343.55 3412.215 0 1467.265 1800.75 3952.69 4520.63 4138 3565.62
1391.47 1147.595 903.395 667.57 727.815 743.04 989.76 1303.275 1511.375 1565.88 1233.075 889.89 647.305 835.725 2013.845 3116.25 5235.9 7454.15 9712.5 9889.75 10365.4 10318.7 9636.65 9015.95 9073.9 8859.4 8880.45 7886.55 6696.2 8122.3 7859.15 7070.3 2393.48 3487.685 8110.85 9215.45 8645.15 6063.75 4364.02 3196.795 4519.155 4302.685 4021.21 5239.4 8462.1 6210.7 2340.59 882.92 5055.3 7411.3 7068.45 6689.65 4563.24 652.365 160.0255 3317.835 5195.4 6276 5231.65 2950.43 0 1979.725 3178.11 4578 4513.21 3643.02 3172.3
1223.31 964.39 722.405 775.29 779.275 1021.995 1191.615 1432.775 1714.705 1514.64 1355.32 714.135 1425.205 2815.545 4133.425 6922.9 9332.55 11178.9 11178.35 10497.65 10117.7 9805.4 9363.45 8700.9 8755.4 9321.2 9117.2 7832.3 3229.655 6074.4 8018.4 6440.1 760.03 4169.4 6975.45 6650.55 5945.5 4635.855 2376.83 154.447 432.459 1667.66 1609.91 1806.22 6777.95 6778.3 5340.65 4673.955 5539.1 6833.9 6228.75 5902.75 3992.81 796.175 1129.125 3867.245 5616.6 6279.25 5387.25 2831.17 0 1031.21 3084.94 3909.27 4067.62 3496.915 2997.15
875.86 753.285 770.92 901.065 976.66 1145.78 1254.96 1294.795 1533.535 1590.4 1090.35 1372.795 3094.005 5001.65 7742.4 10219.25 10648.6 10445.8 9238.85 8492.05 7741.2 6969.2 6037.75 5186.25 4869.1 5088.45 6041.15 5432.85 1479.675 2181.05 4408.855 4711.02 1652.03 2160.255 3962.4 3299.555 2192.87 268.1895 760.015 1434.73 516.4 1724.335 1577.985 4316.815 6714.85 7235.65 6849.6 6097.4 6547.2 6600.35 5124.45 3205.115 2219.435 1077.735 898.485 4305.88 6121.6 6231.3 5199.3 2797.35 727.285 641.535 3707.695 3957.885 3458.44 3363.255 3008.415
809.2 789.205 737.985 791.995 946.555 1204.39 1260.475 1258.23 1480.88 1407.79 1430.295 2445.95 4679.635 6115 7703.1 8051.6 5681.95 3186.195 1155.92 183.7225 2425.23 15.0271 7.5995 2529.045 9.75865 360.8285 560.125 704.08 268.147 206.8375 454.841 542.58 0 0 765.855 1006.8 0 674.735 2496.77 1001.675 1776.995 896.565 3122.2 5861.5 5914.4 5210.6 6116.7 6787.2 7000.45 5934.45 4733.16 2647.635 105.9615 490.2645 1735.79 5101.3 6558.15 5973.95 4969.92 2402.975 226.489 1685.255 3890.985 4093.065 3853.79 3649.105 3163.925
780.015 985.295 721.035 433.066 555.72 929.755 959.775 954.24 1201.06 1187.67 1470.705 2187.505 3235.24 3177.055 2023.01 489.3405 0 0 0 0 0 0 0 0 0 0 17.10655 65.42 570.71 236.458 170.2455 660.19 1124.855 926.08 548.69 603.55 2000.21 3497.085 3558.335 3320.485 4016.155 4846.225 5466.1 6516.65 6033.5 3455.19 4466.435 5301.3 6559.7 5596.15 4120.435 2256.57 1169.66 0 2427.65 5492.3 6452.4 4996.09 3614.7 1002.29 0 322.9555 1957.465 4156.075 3731.955 3760.595 2876.605
1292.075 1310.15 1033.835 740.41 549.24 1523.39 1257.095 986.525 991.79 912.12 843.9 462.246 1784.51 1056.885 221.5155 0 2182.475 30.6926 52.113 0.786705 238.047 840.225 2062.165 1879.68 963.745 659.03 427.7465 1715.315 208.9525 2872.35 4882.24 6105.9 6090.7 5700.45 6166.75 6429.35 7305.4 7325.55 8346.5 7412.7 6546.25 7131.1 7139.5 6752.8 5701.5 1818.38 1906.285 4549.46 6204.15 5606.2 4726.04 3622.045 746.71 0 2848.22 5773.75 6428.4 4823.545 1618.33 0 1692.03 2665.185 4083.465 4224.86 2980.35 2498.135 3376.98
1478.045 1630.16 1652.73 1366.53 1659.645 1312.01 1109.35 899.08 960.97 949.52 978.24 729.845 1568.61 1943.905 2364.775 2585.035 2657.9 3184.18 3356.565 3100.51 3478.155 4391.515 5035.05 4889.97 3968.5 2632.135 1324.02 354.3065 1835.895 14.45395 1083.71 3373.38 5615.7 6851 8657.1 8348.65 8226.4 7697.65 7787.35 7076.9 6013.3 6426.65 6635.55 6390.1 5439.9 2254.56 1392.25 4017.43 6964.3 6274.6 5359.8 4055.715 2113.555 194.22 3353.215 6408.45 6084.65 3634.595 1099.45 0 807.785 3539.115 4896.49 3820.89 2690.305 2923.7 3593.595
2164.705 2146.78 1859.485 1742.635 1775.67 1641.685 1042.855 744.125 876.965 952.55 941.14 1270.78 1899.775 2784.445 3286.9 3891.39 5919.9 7110.85 7544.15 6894.55 6806.95 7271.6 7514.7 7005 6567.7 5273.25 3821.03 1943.805 2019.775 2294.055 684.615 0 509.275 1.621225 1442.36 3394.935 5043.3 5075.9 4242.045 2897.71 2166.1 4543.215 6208.6 6567.85 5225.35 2657.74 775.795 4073.975 7134.5 6209.05 5418.35 4044.075 2091.355 0 3474.035 6597.75 4733.175 1959.305 1835.925 0 1903.085 3290.19 4009.505 3264.36 3156.95 3484.38 3332.475
2312.44 2256.63 2091.575 1817.225 1726.12 1650.535 974.345 601.475 664.485 546.025 516.05 675.715 1282.05 2266.99 2618.91 2449.545 4443.86 8977.7 10506.45 9930.55 9576.55 9553.05 8654.35 7149.5 7895.8 8172.95 7041.85 3968.74 1025.48 1495.78 2049.29 595.16 2462.285 1071.205 372.5575 0 648.435 711.655 1489.335 239.944 2188.56 4734.12 6700.1 6315.4 5153.45 2857.47 1321.085 3750.11 6958.15 6153.4 5349.35 4060.495 1760.57 146.5645 4104.75 5363.1 2747.92 113.9635 0 1005.11 3288.53 3107.68 3244.605 3147.665 3282.875 3380.655 3143.135
2034.24 2047.305 1799.02 1771.985 1674.2 1036.03 599.25 652.985 405.398 594.345 557.355 107.6185 101.7075 442.476 765.875 1530.99 1858.635 7147 11507.8 10982.7 9587.7 6712.7 3331.115 1174.17 5304.05 7555.2 7835.4 5543.4 2565.435 3765.02 4240.49 3499.66 2710.61 2619.64 2191.035 750.22 2569.07 1168.41 368.078 1809.36 3468.25 5324.45 6173 6018.15 5162.2 2654.655 1156.845 4393.42 7032.8 6265.5 5758.8 3931.875 1078.49 6.5667 4230.435 3671.685 391.804 516.375 1142.415 3268.39 4104.13 3914.4 3143.145 3006.515 3374.89 3365.555 3604.94
1667.08 1526.31 1588.065 1453.615 1331.39 1376.255 937.15 877.92 370.9445 594.05 875.77 589.795 133.9345 313.63 0 351.313 1546.465 2873.99 6968.9 5281.65 3191.84 130.848 887.31 2156.83 1802.635 4528.275 7677.45 7572.85 6073.35 6004.05 6524.15 6314.05 5584.8 4736.01 4547.505 3531.705 1981.665 2341.695 1521.6 95.8515 1787.025 4602.725 6255.7 6262.2 5239.4 2180.635 0 4945.515 7355.15 6378.2 5246.95 2699.405 293.39 658.42 2846.875 1019.555 0 584.3 2882.565 4250.55 3687.425 3693.875 2317.995 3043.855 3316.155 3313.95 3521.5
1059.585 700.245 582.115 815.495 1183.17 1539.605 1342.485 1084.71 953.15 1192.96 1458.945 1474.99 1048.675 373.6255 18.3925 1580.515 1362.995 1602.45 2196.48 1148.8 434.247 1507.515 1865.94 2821.85 2886.49 5598.95 7252.35 7933 8131.85 7735.5 8334.5 8591.9 8214.4 7744.5 7754.9 7016.25 5773.25 3966.64 2254.805 995.395 2440.45 4941.495 6027.75 5707.6 3578.745 905.39 995.005 5522.8 7440.7 6110.05 4803.155 2123.75 464.533 286.3325 52.405 0 2038.64 2365.165 4053 4616.08 2983.225 2078.015 1874.925 2666.15 2964.43 3100.07 3251.765
771.515 373.332 1669.46 2950.615 3306.715 3474.035 3301.945 1951.78 482.8675 970.62 2070.235 2161.32 1591.885 958.075 249.837 642.48 952.52 972.21 884.63 465.086 4363.895 3723.77 2852.825 5164.55 6688.05 8222.9 9812.1 9401.45 7824.15 5754.15 4729.79 5518.75 8257.2 9097 7784.9 8405.4 8343.9 7294.6 6528.25 5720.1 5815.35 5850.6 5479.55 3821.96 1947.38 765.895 154.4155 6090.3 6929.1 5242.05 3441.44 1462.05 422.9005 0 32.69805 1043.81 3111.79 4424.85 4803 4645.405 2721.155 2074.775 2245.5 2622.075 2788.045 2911.27 3168.025
1810.26 1110.46 2560.885 5260.3 5777.75 5993.25 5058.3 2982.77 0 559.47 3195.72 3350.31 1988.315 733.085 494.436 170.8945 467.504 133.5145 505.5 683.93 5452.9 6911.1 7576.8 7916.9 9449.1 10531.05 9591.7 7266.95 4490.2 1207.72 1936.23 3118.745 8443.2 6958.4 4349.08 6408.65 7835.5 7505.2 6949.9 7065.1 7594.55 6425.7 4491.4 1430.385 248.846 0 1015.66 6525.15 5787.25 3834.085 2030.305 132.069 0 1936.245 2193.545 3861.37 4847.915 5460.4 4864.055 3417.13 2688.425 2429.395 2507.81 2473.525 2813.685 2775.335 3005.14
3243.12 2990.55 3735.195 6335.7 7866 7507.15 5836.1 2259.02 0 1982.235 3967.15 4010.255 1980.64 659.905 423.9 295.4975 105.602 319.5785 445.831 435.446 1813.695 5836.45 8694.2 9644.35 10620.35 10039.45 7264.35 4007.14 5.66225 1673.19 693.24 5353.05 8059.9 5337.95 968.85 3719.215 6350.1 5991.95 5406.85 5509.1 6821.45 5909.85 5866.65 4256.375 2546.805 0 1154.72 6036.4 4721.42 2807.905 632.95 0 2294.055 2202.24 1097.865 4009.16 5142.3 5679.45 4412.205 1057.04 2576.145 2705.365 2694.585 2090.13 2752.75 2563.36 2934.11
5672.7 5537.45 6609.05 8730.8 9896.85 7572.05 4485.355 421.965 145.3925 3310.28 4965.18 3491.835 1506.935 1220.29 545.69 486.3125 297.618 109.8145 169.5795 276.064 419.4245 4211.62 8449.8 9842 10030.75 7993.8 3489.545 1312.915 1266.19 691.83 3837.295 7096.05 8246.35 4402.6 301.834 2156.65 4599.04 3485.635 2032.64 3206.74 7414.75 6208.65 6374.1 5394 3916.455 172.3105 952.78 5590.1 3970.035 1855.26 0 1489.355 2280.44 4483.19 4668.905 5178.45 5317.45 5450.75 3422.2 189.839 3178.12 3694.01 2670.515 1794.4 2163.42 2579.07 2779.905
8204.2 8748.45 9556.1 10068.35 8266.9 4834.445 1080.915 0 1310.765 4421.11 4480.735 1451.805 1744.755 2593.61 1165.275 619.835 7.5035 378.973 711.445 260.066 178.2685 24.2294 4785.655 7758 7923.05 2577.41 806.705 18.7709 327.692 2647.605 6356.45 8318.1 8033.8 4109.46 1195.425 1540.765 1861.975 1805.585 1.62399 4491.97 6871.6 4178.32 2315.72 4902.41 4422.895 1089.315 0 4131.025 3141.725 732.885 0 946.325 4308.705 5808.05 6341.95 6044.25 6576.35 5024.4 2177.4 404.1305 3319.59 3446.395 2609.875 1898.605 2560.125 2501.925 2526.32
9247.55 10718.8 10144.45 8282.7 5105.65 1671.825 0 346.652 3525.315 4669.83 3122.905 26.89235 3148.82 3232.155 860.175 193.8465 428.7515 485.208 301.7935 631.15 152.805 44.14705 2494.335 6354.55 1103.32 1237.045 924.945 3206.69 3688.615 5099.8 8054.55 9137.45 7830.75 4350.685 1683.215 257.9235 1425.42 2417.47 2382.735 6201 7297.7 5081.75 1261.25 1401.54 5111.1 3197.905 0 1367.405 2198.71 177.5475 0 2689.68 5656.05 6879.05 6776.65 5819.8 5703.3 4372.805 1436.88 804.325 3783.335 3800.56 1906.905 2555.695 2884.455 2485.36 2155.345
9939 11240.85 9132.25 5270.65 1965.065 0 93.3745 2780.955 5077.9 4828.53 895.525 1475.395 4945.53 2383.97 2519.725 1297.965 543.095 188.775 382.568 103.476 361.319 191.2795 555.07 702.03 135.3285 1700.22 3557.42 6064.65 7219.5 8375.4 9657.25 9028 7173.1 3433.06 1164.03 1243.085 350.889 2173.41 4686.145 6882.15 8038.8 6803.2 3520.865 1175.05 4225.63 5494.8 2033.86 36.5987 1137.68 0 1476.87 4327.61 6823.45 7387.55 6293.05 5259.7 5010.6 3553.87 1289.56 1644.435 4373.45 3043.455 692.12 3298.665 3121.645 2346.28 1943.425
9681.35 10411.8 6578.45 2862.915 429.1945 2905.93 2751.415 4657.39 5341.95 3485.795 23.1448 3401.155 3710.585 2805.35 4252.515 4282.45 2109.225 861.135 345.291 156.7375 0 312.688 295.0865 214.821 1357.95 3370.395 4989.055 6987.4 7683.8 8465.6 9596.5 8289.85 5341.85 790.81 0 822.22 977.145 3429.38 6487.45 7942.1 7924.25 7370.05 5606.95 2047.055 1327.495 4880.25 4094.77 1192.455 0 2640.625 4913.58 6576.4 8275.75 7067.9 3732.915 3089.625 4291.235 3242.82 1643.325 2227.105 3502.875 2057.715 1369.71 3176.51 2775.34 2210.495 2178.705
